x_center,w,x2_wall,x_wall
0.42770102620124817,0.7285103,89,390
0.4307619035243988,0.72228855,89,390
0.427829384803772,0.7239368,89,390
0.42908579111099243,0.724882,89,390
0.43230879306793213,0.72621655,89,390
0.43251490592956543,0.7289597,89,390
0.4343804121017456,0.7285352,89,390
0.43061596155166626,0.7248635,89,390
0.43290388584136963,0.72956634,89,390
0.4309372007846832,0.72604865,89,390
0.4314386248588562,0.72721386,89,390
0.4306211471557617,0.72628593,89,390
0.43206220865249634,0.7283164,89,390
0.43475520610809326,0.7309953,89,390
0.4315871298313141,0.72912246,89,390
0.43187272548675537,0.73215246,89,390
0.4313180446624756,0.73110104,89,390
0.42951205372810364,0.7322063,89,390
0.4278109669685364,0.7333641,89,390
0.43131929636001587,0.737286,89,390
0.42765888571739197,0.73413104,89,390
0.4266219735145569,0.732875,89,390
0.42667484283447266,0.73123574,89,390
0.4272306561470032,0.7328671,89,390
0.4243631362915039,0.7264552,89,390
0.4255107641220093,0.726928,89,390
0.42696669697761536,0.7264959,89,390
0.4282144606113434,0.72644633,89,390
0.4339084029197693,0.73551714,89,390
0.4329013526439667,0.7325217,89,390
0.43310171365737915,0.7296339,89,390
0.4326125979423523,0.7276591,89,390
0.43058112263679504,0.7268581,89,390
0.4311688542366028,0.7262088,89,390
0.43263334035873413,0.7295482,89,390
0.4364691972732544,0.7302003,89,390
0.44366905093193054,0.74195534,89,390
0.44914332032203674,0.74106354,89,390
0.44626671075820923,0.74413097,89,390
0.45358192920684814,0.7505357,89,390
0.4566750228404999,0.754726,89,390
0.4561673104763031,0.75396746,89,390
0.45839428901672363,0.75840306,89,390
0.46207642555236816,0.7639785,89,390
0.4666535556316376,0.7714974,89,390
0.4656820297241211,0.7717247,89,390
0.4710579514503479,0.7829629,89,390
0.4667162299156189,0.7739829,89,390
0.4642558693885803,0.76846755,89,390
0.467311292886734,0.7717839,89,390
0.4695155620574951,0.7744653,89,390
0.46685147285461426,0.7710519,89,390
0.4780885577201843,0.7826613,89,390
0.4764399528503418,0.7803931,89,390
0.4744439721107483,0.77965415,89,390
0.4750837981700897,0.7768639,89,390
0.4776970446109772,0.7791644,89,390
0.47606757283210754,0.77851254,89,390
0.4783055782318115,0.7808273,89,390
0.47959163784980774,0.78401166,89,390
0.47795161604881287,0.77361065,89,390
0.4790365397930145,0.7761714,89,390
0.47855615615844727,0.775789,89,390
0.48271507024765015,0.77957,89,390
0.476443350315094,0.76779664,89,390
0.48186662793159485,0.7810853,89,390
0.4812600612640381,0.77198505,89,390
0.4873642325401306,0.78312707,89,390
0.48000580072402954,0.7718978,89,390
0.4842589795589447,0.7804397,89,390
0.48309752345085144,0.78144234,89,390
0.48492929339408875,0.7788524,89,390
0.4816467761993408,0.7739923,89,390
0.4843544363975525,0.7806599,89,390
0.48888102173805237,0.7868456,89,390
0.48822611570358276,0.781535,89,390
0.48917585611343384,0.7865335,89,390
0.4921225607395172,0.78930527,89,390
0.4920150637626648,0.7871884,89,390
0.4903631806373596,0.7813871,89,390
0.4878980219364166,0.7825218,89,390
0.4851148724555969,0.7791563,89,390
0.4873144030570984,0.77694,89,390
0.49037694931030273,0.78105426,89,390
0.4837714433670044,0.7719784,89,390
0.4897690713405609,0.7822344,89,390
0.4878426194190979,0.77731884,89,390
0.49393582344055176,0.7868898,89,390
0.488821804523468,0.7807958,89,390
0.4940219819545746,0.7905714,89,390
0.49310237169265747,0.78342676,89,390
0.4916490912437439,0.77710044,89,390
0.4900728464126587,0.77533054,89,390
0.49487656354904175,0.7841505,89,390
0.4932621717453003,0.7832444,89,390
0.4997769296169281,0.79366356,89,390
0.4985383152961731,0.79053116,89,390
0.4993799030780792,0.78834957,89,390
0.49808043241500854,0.79756165,89,390
0.5008832216262817,0.80413204,89,390
0.5037189722061157,0.80968064,89,390
0.5015860795974731,0.80452794,89,390
0.4995286464691162,0.79917216,89,390
0.499708890914917,0.7956736,89,390
0.4974191188812256,0.7962742,89,390
0.4953901767730713,0.7932956,89,390
0.500756025314331,0.800957,89,390
0.5010272860527039,0.801931,89,390
0.5016246438026428,0.8037945,89,390
0.502761960029602,0.80162984,89,390
0.5069543719291687,0.80815077,89,390
0.5064659714698792,0.8096255,89,390
0.5064894556999207,0.8088763,89,390
0.5087573528289795,0.81372523,89,390
0.5112245678901672,0.8163558,89,390
0.5117542147636414,0.820279,89,390
0.5163500308990479,0.82906395,89,390
0.5161743760108948,0.83028615,89,390
0.5126856565475464,0.82526827,89,390
0.51374351978302,0.8244569,89,390
0.5158685445785522,0.8253516,89,390
0.5177539587020874,0.8272104,89,390
0.5171859860420227,0.8238126,89,390
0.5181788802146912,0.8214698,89,390
0.5180143713951111,0.8217565,89,390
0.5173943042755127,0.8212272,89,390
0.5209357738494873,0.8267474,89,390
0.5210062861442566,0.82811606,89,390
0.5210081338882446,0.827255,89,390
0.5242886543273926,0.83351195,89,390
0.524956226348877,0.833169,89,390
0.5251131057739258,0.8338655,89,390
0.5241043567657471,0.833071,89,390
0.5223910808563232,0.8294318,89,390
0.5222203135490417,0.8280232,89,390
0.5234279036521912,0.82858,89,390
0.525638222694397,0.83169794,89,390
0.5257401466369629,0.8321185,89,390
0.5257313847541809,0.82919896,89,390
0.5267274379730225,0.8303237,89,390
0.5273174047470093,0.83216906,89,390
0.5278875231742859,0.8330134,89,390
0.5275296568870544,0.8326653,89,390
0.5270839929580688,0.8283009,89,390
0.5278179049491882,0.8312236,89,390
0.5276585817337036,0.8311691,89,390
0.5287553668022156,0.8335551,89,390
0.5286893248558044,0.8285717,89,390
0.5330997109413147,0.835155,89,390
0.5299078822135925,0.8310417,89,390
0.5283008813858032,0.82950795,89,390
0.5296298265457153,0.82689816,89,390
0.5325061678886414,0.8310524,89,390
0.5351611375808716,0.83547515,89,390
0.5350000262260437,0.8334824,89,390
0.5387630462646484,0.8380766,89,390
0.5402324199676514,0.84008247,89,390
0.5319797396659851,0.8258953,89,390
0.5317661762237549,0.82233757,89,390
0.5338871479034424,0.82509834,89,390
0.5293280482292175,0.82188284,89,390
0.5374001264572144,0.835364,89,390
0.5425615906715393,0.8373438,89,390
0.5363977551460266,0.82973456,89,390
0.5373604893684387,0.82970726,89,390
0.5370064377784729,0.8290869,89,390
0.5369691848754883,0.830183,89,390
0.536864161491394,0.8239099,89,390
0.5377523899078369,0.8274242,89,390
0.5394589304924011,0.8301449,89,390
0.5408580303192139,0.83048,89,390
0.5410944819450378,0.83032286,89,390
0.5428258180618286,0.8307767,89,390
0.5415353775024414,0.8273081,89,390
0.540841817855835,0.82581836,89,390
0.5412827730178833,0.8265911,89,390
0.5420670509338379,0.8236337,89,390
0.5446820855140686,0.8171158,89,390
0.5405681133270264,0.8085067,89,390
0.539278507232666,0.8056831,89,390
0.5414227247238159,0.8068526,89,390
0.5433659553527832,0.8082931,89,390
0.5421742796897888,0.8088895,89,390
0.5398880243301392,0.80313224,89,390
0.5404659509658813,0.8043903,89,390
0.5407143831253052,0.80326223,89,390
0.5425468683242798,0.80444,89,390
0.543972909450531,0.80906904,89,390
0.544600248336792,0.8102353,89,390
0.5429623126983643,0.80470467,89,390
0.5434000492095947,0.80789274,89,390
0.5433747172355652,0.8095863,89,390
0.5428899526596069,0.80882144,89,390
0.545014500617981,0.8105519,89,390
0.5484039783477783,0.81198436,89,390
0.5499577522277832,0.8129105,89,390
0.5482156276702881,0.82305616,89,390
0.5549497008323669,0.8287078,89,390
0.5476820468902588,0.8184962,89,390
0.5517293214797974,0.82631403,89,390
0.5505987405776978,0.8224604,89,390
0.549390971660614,0.81163466,89,390
0.5515069365501404,0.82431793,89,390
0.5512549877166748,0.8183213,89,390
0.5506507754325867,0.8173896,89,390
0.5514352321624756,0.8214408,89,390
0.5519782900810242,0.8212445,89,390
0.5543849468231201,0.8141892,89,390
0.5544718503952026,0.81765246,89,390
0.5548233985900879,0.81832576,89,390
0.5547703504562378,0.82073015,89,390
0.5525175929069519,0.8205632,89,390
0.556035041809082,0.8221047,89,390
0.5539703369140625,0.81663847,89,390
0.5555024147033691,0.8165424,89,390
0.5555770397186279,0.8197676,89,390
0.557780921459198,0.82088816,89,390
0.5581631660461426,0.82326686,89,390
0.5592494010925293,0.8239925,89,390
0.5589215755462646,0.8221838,89,390
0.557083249092102,0.82375675,89,390
0.5584981441497803,0.82621324,89,390
0.5551055669784546,0.8194451,89,390
0.563065767288208,0.8208027,89,390
0.5614253282546997,0.8204601,89,390
0.5621505975723267,0.82308143,89,390
0.5631381869316101,0.82295454,89,390
0.5632873177528381,0.8264848,89,390
0.5655308961868286,0.83007085,89,390
0.563710629940033,0.82687306,89,390
0.5663295984268188,0.82573867,89,390
0.5651741027832031,0.83235955,89,390
0.5682327747344971,0.83541304,89,390
0.5689325332641602,0.8374801,89,390
0.5656670928001404,0.8327507,89,390
0.5661023855209351,0.83407277,89,390
0.5679375529289246,0.8359529,89,390
0.5720977187156677,0.83988357,89,390
0.5686582922935486,0.8342222,89,390
0.5685363411903381,0.8348584,89,390
0.5713408589363098,0.83479846,89,390
0.5741029977798462,0.83478457,89,390
0.57173752784729,0.82977754,89,390
0.5719162225723267,0.8309827,89,390
0.5688729286193848,0.82483983,89,390
0.5658588409423828,0.8240173,89,390
0.5655884742736816,0.8233924,89,390
0.5658118724822998,0.81737924,89,390
0.5642437934875488,0.81785136,89,390
0.5654123425483704,0.8212651,89,390
0.5656698346138,0.8159696,89,390
0.5666767358779907,0.81875825,89,390
0.5659125447273254,0.81646323,89,390
0.5647809505462646,0.81784266,89,390
0.5650783777236938,0.8180146,89,390
0.5646373629570007,0.8191899,89,390
0.5643259286880493,0.8180694,89,390
0.5706366300582886,0.81920815,89,390
0.5624382495880127,0.82509613,89,390
0.5635408163070679,0.82758784,89,390
0.5531638860702515,0.8096857,89,390
0.5537961721420288,0.8100188,89,390
0.5551069974899292,0.8165355,89,390
0.5574791431427002,0.8187285,89,390
0.5608077049255371,0.8180426,89,390
0.5634353160858154,0.8214786,89,390
0.5634234547615051,0.8190931,89,390
0.5652937889099121,0.8211296,89,390
0.5661185383796692,0.82156813,89,390
0.5709063410758972,0.82304084,89,390
0.5730229020118713,0.82534564,89,390
0.5753580331802368,0.82699037,89,390
0.5751485824584961,0.8286862,89,390
0.5776448845863342,0.829038,89,390
0.5811398029327393,0.8318708,89,390
0.5815893411636353,0.834365,89,390
0.5799597501754761,0.8340328,89,390
0.581144392490387,0.8369795,89,390
0.5814066529273987,0.8356335,89,390
0.5828338861465454,0.8400155,89,390
0.5814706087112427,0.83542365,89,390
0.5834754705429077,0.83776885,89,390
0.5875757336616516,0.84406483,89,390
0.5874268412590027,0.83706343,89,390
0.5885822772979736,0.8399337,89,390
0.5878418684005737,0.83895874,89,390
0.5860038995742798,0.8345449,89,390
0.5854664444923401,0.8346144,89,390
0.5859122276306152,0.8330858,89,390
0.5858591794967651,0.8305595,89,390
0.5861232876777649,0.83015573,89,390
0.5860251188278198,0.83188415,89,390
0.5878617763519287,0.8317749,89,390
0.5864025354385376,0.8310864,89,390
0.5877825617790222,0.83255756,89,390
0.5885391235351562,0.831234,89,390
0.5880647897720337,0.8323457,89,390
0.589317798614502,0.83238417,89,390
0.5873630046844482,0.83345103,89,390
0.5887703895568848,0.8337889,89,390
0.5910019278526306,0.83336294,89,390
0.5934746265411377,0.83535504,89,390
0.5927363634109497,0.83393955,89,390
0.5943955183029175,0.83567286,89,390
0.5945890545845032,0.8345331,89,390
0.5938924551010132,0.8354926,89,390
0.5931036472320557,0.83707017,89,390
0.5926932692527771,0.83469737,89,390
