aa
185
51
1428
730
aa
168
58
1411
737
aa
149
65
1392
744
aa
132
72
1375
751
aa
113
79
1356
758
aa
94
86
1337
765
aa
75
93
1318
772
aa
56
100
1299
779
aa
37
107
1280
786
aa
18
114
1261
793
aa
1
121
1244
800
aa
0
128
1223
807
aa
0
135
1202
814
aa
0
140
1177
819
aa
0
145
1152
824
aa
0
150
1129
829
aa
0
155
1110
834
aa
0
160
1089
839
aa
0
163
1078
842
aa
0
166
1071
845
aa
0
169
1072
848
aa
0
172
1079
851
aa
0
175
1090
854
aa
0
176
1105
855
aa
0
177
1122
856
aa
0
178
1139
857
aa
0
179
1158
858
aa
0
180
1177
859
aa
0
183
1194
862
aa
0
186
1213
865
aa
0
189
1232
868
aa
8
190
1251
869
aa
25
193
1268
872
aa
44
196
1287
875
aa
59
199
1302
878
aa
76
202
1319
881
aa
91
205
1334
884
aa
106
208
1349
887
aa
121
211
1364
890
aa
136
212
1379
891
aa
149
215
1392
894
aa
162
216
1405
895
aa
175
219
1418
898
aa
188
220
1431
899
aa
199
223
1442
902
aa
210
224
1453
903
aa
217
225
1460
904
aa
226
226
1469
905
aa
229
227
1472
906
aa
230
228
1473
907
aa
225
227
1468
906
aa
220
224
1463
903
aa
215
221
1458
900
aa
210
216
1453
895
aa
203
207
1446
886
aa
200
196
1443
875
aa
193
179
1436
858
aa
190
160
1433
839
aa
187
139
1430
818
aa
188
120
1431
799
aa
189
101
1432
780
aa
194
86
1437
765
aa
195
73
1438
752
aa
204
64
1447
743
aa
203
55
1446
734
aa
206
48
1449
727
aa
207
41
1450
720
aa
210
36
1453
715
aa
213
31
1456
710
aa
214
26
1457
705
aa
213
21
1456
700
aa
210
16
1453
695
aa
207
11
1450
690
aa
212
8
1455
687
aa
207
3
1450
682
aa
214
2
1457
681
aa
209
0
1452
678
aa
214
0
1457
677
aa
211
0
1454
674
aa
212
0
1455
671
